TTS,energy,layout,number_sidb,correct,time_mean
0.35853039276467985,0.795626,10161_wrapper.txt,23,2287,0.016026875400543213
0.4717323339944425,0.86239,10189_wrapper.txt,21,1756,0.01568066837787628
0.49456696537141476,0.845912,10323_wrapper.txt,23,1723,0.016099593925476073
0.4535235080216306,0.805641,1051_wrapper.txt,23,1860,0.016066540455818176
0.44417622658799244,0.857895,10635_wrapper.txt,23,1898,0.016093185019493104
0.3736447389773307,0.796805,10697_wrapper.txt,24,2214,0.01609661302566528
0.4664730051226259,0.822721,10729_wrapper.txt,23,1827,0.01620040819644928
0.5440755841186787,0.800304,1075_wrapper.txt,24,1585,0.016162577509880066
0.505869565953689,0.816473,11165_wrapper.txt,24,1792,0.017196512413024903
7.644052032248677,0.567881,11175_wrapper.txt,24,130,0.017218417954444884
0.49171823247279245,0.815899,11281_wrapper.txt,23,1836,0.017170426106452943
0.4210476682145326,0.797287,11459_wrapper.txt,22,2088,0.01697518174648285
0.4613776212297492,0.800582,11583_wrapper.txt,24,1906,0.01679487941265106
0.4708414874499177,0.836251,1245_wrapper.txt,22,1901,0.01708932559490204
0.41725868177765185,0.803694,1273_wrapper.txt,23,2112,0.017040634536743163
0.3220915213170641,0.819228,1406_wrapper.txt,23,2649,0.01706331868171692
8.883371119606887,0.567881,1487_wrapper.txt,23,111,0.017069086337089538
0.5368845463523003,0.796805,1563_wrapper.txt,25,1752,0.017801535630226135
0.33625849804748975,0.796805,1608_wrapper.txt,23,2558,0.017101670217514037
0.48817620126404143,0.836508,1940_wrapper.txt,23,1856,0.01725286293029785
0.36462127442840647,0.803035,1954_wrapper.txt,22,2359,0.016887820386886597
0.49853267182183586,0.802335,2060_wrapper.txt,23,1804,0.017072659921646118
0.46036202588267744,0.794054,2187_wrapper.txt,23,1916,0.01685588002204895
0.6092121272896078,0.847147,2261_wrapper.txt,23,1503,0.017080584335327147
0.4649023311499398,0.839448,2433_wrapper.txt,23,1923,0.01709144871234894
0.6065304903453301,0.801488,2613_wrapper.txt,25,1575,0.017893891787528992
0.466882509311979,0.797531,2639_wrapper.txt,23,1911,0.01704492950439453
5.723297548503585,0.567881,2690_wrapper.txt,23,174,0.017293764925003053
0.44392212969674344,0.803199,2852_wrapper.txt,23,2003,0.017080809116363525
0.5687240996300212,0.806988,2866_wrapper.txt,24,1606,0.017139421415328978
4.881560163051397,0.567881,2981_wrapper.txt,23,200,0.01697681248188019
0.3383232011805618,0.801112,3045_wrapper.txt,23,2546,0.01711284408569336
0.527779143944088,0.810102,3212_wrapper.txt,23,1712,0.01706008472442627
0.4707572618706565,0.798575,3474_wrapper.txt,23,1879,0.01686643855571747
0.6237505710631238,0.80382,3550_wrapper.txt,24,1482,0.01722315809726715
0.5592410725995272,0.834614,3557_wrapper.txt,24,1650,0.017359589529037475
0.49192615816657925,0.846846,3561_wrapper.txt,22,1812,0.016929111099243162
6.857002489118736,0.56696,3633_wrapper.txt,23,145,0.017240825963020324
3.6712328231819824,0.567881,3655_wrapper.txt,22,264,0.016908323645591736
0.4842169939026511,0.797531,3733_wrapper.txt,24,1846,0.017010650968551637
0.4035414297541763,0.827595,3734_wrapper.txt,21,2193,0.01719745273590088
0.4311412931275046,0.80033,3772_wrapper.txt,23,2046,0.01698918697834015
8.134450877596892,0.567894,3902_wrapper.txt,24,124,0.017472075653076173
0.4001790177022289,0.845777,3990_wrapper.txt,23,2207,0.01717780387401581
7.953541763809499,0.567881,4009_wrapper.txt,24,123,0.016944872760772705
0.5214566301842237,0.828515,4119_wrapper.txt,24,1738,0.017137754702568054
0.495225837777461,0.799142,430_wrapper.txt,23,1775,0.016658308219909667
6.356462055832956,0.567881,4459_wrapper.txt,23,154,0.016982039189338684
0.5078568179567292,0.800822,4701_wrapper.txt,23,1744,0.01675430631637573
3.8712920960323394,0.569801,4828_wrapper.txt,22,247,0.016667113637924193
0.3709064293584529,0.80382,5029_wrapper.txt,24,2322,0.016870495533943177
0.4974714433937995,0.855485,5031_wrapper.txt,23,1737,0.016339113330841065
0.4613131721752989,0.837159,5314_wrapper.txt,22,1892,0.016655295705795287
0.4207641085840291,0.842372,531_wrapper.txt,21,1994,0.016108287024497986
0.47028878958088216,0.797531,5401_wrapper.txt,23,1824,0.01630321807861328
0.5721175944272823,0.838848,5436_wrapper.txt,24,1787,0.01938857011795044
0.698334583643668,0.821539,5448_wrapper.txt,25,1684,0.022167727208137512
5.22851690663789,0.567881,5569_wrapper.txt,22,231,0.021035047221183777
13.537153573088556,0.567881,5577_wrapper.txt,24,92,0.021538158655166628
0.5968478565960207,0.811402,5670_wrapper.txt,23,1859,0.021131332898139954
0.5467333479044737,0.857345,5727_wrapper.txt,23,1990,0.02088380870819092
6.295901195305875,0.567825,5732_wrapper.txt,23,192,0.02101116030216217
9.709949727120149,0.567881,578_wrapper.txt,24,126,0.021194637298583983
0.523351129402149,0.793811,583_wrapper.txt,23,2084,0.021054167532920838
0.5360209418139826,0.801364,6030_wrapper.txt,23,2050,0.02116839964389801
0.649735620379069,0.83043,6114_wrapper.txt,23,1745,0.021448466897010802
0.6122933514887767,0.822876,6201_wrapper.txt,23,1830,0.021303382611274718
0.7326756378673119,0.796108,6231_wrapper.txt,25,1603,0.022035297799110412
0.6985176846897109,0.829945,6234_wrapper.txt,23,1614,0.021165616321563722
0.6398677839024591,0.834655,6400_wrapper.txt,22,1743,0.021096035838127136
87.46134218791433,0.569239,6506_wrapper.txt,25,147,0.22296320366859437
0.8402619845055568,0.830276,6522_wrapper.txt,24,1657,0.02620416374206543
0.6723042546218909,0.814455,6552_wrapper.txt,24,1685,0.02135534574985504
0.6104254855050024,0.80916,6757_wrapper.txt,23,1840,0.021367090201377868
10.71151039739941,0.567881,6879_wrapper.txt,24,115,0.021327783799171447
0.845214705987557,0.807844,6882_wrapper.txt,25,1406,0.022045870637893678
0.6293426399363543,0.793811,7001_wrapper.txt,24,1777,0.021196048974990844
0.578689722696453,0.843594,7130_wrapper.txt,22,1896,0.02094222731590271
0.6325917365158619,0.824189,7134_wrapper.txt,23,1776,0.0212922354221344
0.5489337077306692,0.806734,7185_wrapper.txt,23,2016,0.0212750803232193
0.7058358266080939,0.811841,7369_wrapper.txt,24,1611,0.021343902516365053
0.5282023957659562,0.799142,7438_wrapper.txt,23,2060,0.02097407603263855
0.6418683139691574,0.82449,7453_wrapper.txt,23,1759,0.021376307106018066
0.5484106699225274,0.806995,7693_wrapper.txt,22,2015,0.02124298539161682
0.6339665868966344,0.806988,7781_wrapper.txt,24,1770,0.02125892012119293
0.667319157206901,0.799142,7811_wrapper.txt,25,1733,0.02186205132007599
28.841955513784875,0.567881,7910_wrapper.txt,23,221,0.11095545258522034
0.5573391302218362,0.825629,7992_wrapper.txt,22,1972,0.021073564863204955
0.5546884301266697,0.800997,8151_wrapper.txt,23,1986,0.02114000120162964
0.6269355875782414,0.830276,817_wrapper.txt,24,1799,0.021404104733467103
0.45969685058028903,0.806988,8272_wrapper.txt,21,2334,0.02103285872936249
0.7126746993798553,0.798819,8300_wrapper.txt,24,1590,0.02124398217201233
0.5872214312942915,0.85189,8352_wrapper.txt,23,1870,0.020927188277244567
0.5929694398226532,0.808475,8355_wrapper.txt,23,1872,0.0211571475982666
0.6456542621943808,0.824141,8392_wrapper.txt,24,1741,0.021259894347190857
0.5880858240217839,0.831143,8438_wrapper.txt,23,1884,0.021132471060752868
0.7402475522457675,0.815654,8477_wrapper.txt,24,1559,0.021597048711776732
0.6880260693666123,0.81803,8513_wrapper.txt,23,1652,0.0213856196641922
0.6009994950352218,0.835195,8528_wrapper.txt,22,1846,0.021113246273994447
0.7789724504246811,0.795626,8539_wrapper.txt,25,1510,0.021950698518753052
0.6815962028571534,0.813134,8613_wrapper.txt,24,1660,0.0212982572555542
0.5000881254263718,0.817821,8614_wrapper.txt,22,2156,0.020904889512062073
0.7230410598908455,0.800304,8638_wrapper.txt,24,1575,0.021331192231178284
0.6264951493091009,0.829403,9047_wrapper.txt,22,1790,0.021270779132843018
0.4971846939830974,0.809465,9074_wrapper.txt,22,2180,0.02104578664302826
0.541431525992022,0.798864,9135_wrapper.txt,22,2045,0.02132347300052643
43.26599249718559,0.819349,9269_wrapper.txt,22,2090,1.7462176924943924
33.06017803287565,0.819349,930_wrapper.txt,23,1789,1.1217668555021285
0.5802680752082994,0.824141,941_wrapper.txt,23,1903,0.021085664677619933
0.6077742116045413,0.828561,9486_wrapper.txt,23,1831,0.02115895583629608
0.6262270299765,0.797287,9511_wrapper.txt,24,1774,0.02105179464817047
0.4386331260973499,0.858853,9586_wrapper.txt,22,2364,0.020365183186531067
0.5341990877491418,0.794055,965_wrapper.txt,23,2042,0.021003961300849916
0.7270508333578982,0.800304,9797_wrapper.txt,24,1564,0.02128618652820587
