TTS,energy,layout,number_sidb,correct,time_mean
0.09540130465860805,0.795626,10161_wrapper.txt,23,1389,0.0024559136390686037
0.08255310424362966,0.86239,10189_wrapper.txt,21,1524,0.0023497205972671507
0.08695117162304261,0.845912,10323_wrapper.txt,23,1505,0.002441388368606567
0.10270506754860069,0.805641,1051_wrapper.txt,23,1286,0.002433711886405945
0.08792088821098752,0.857895,10635_wrapper.txt,23,1492,0.00244547233581543
0.10732121560635875,0.796805,10697_wrapper.txt,24,1254,0.0024753778219223023
0.09189158150766151,0.822721,10729_wrapper.txt,23,1434,0.0024484448432922365
0.11362245871462844,0.800304,1075_wrapper.txt,24,1189,0.002475890612602234
0.0930826121339566,0.816473,11165_wrapper.txt,24,1431,0.0024745689868927003
1.113265019210025,0.567881,11175_wrapper.txt,24,129,0.0024882417917251585
0.09711970919569511,0.815899,11281_wrapper.txt,23,1359,0.0024420061349868776
0.10885958676975042,0.797287,11459_wrapper.txt,22,1200,0.0023955147981643676
0.09785923834009799,0.800582,11583_wrapper.txt,24,1362,0.002466450619697571
0.08672377611967884,0.836251,1245_wrapper.txt,22,1485,0.002399897575378418
0.08999689762735641,0.803694,1273_wrapper.txt,23,1460,0.002445055675506592
0.08175746013489173,0.819228,1406_wrapper.txt,23,1592,0.0024404396533966063
2.1907259710864335,0.567881,1487_wrapper.txt,23,65,0.002459261107444763
0.09228729376400341,0.796805,1563_wrapper.txt,25,1501,0.002583735704421997
0.11136876375223566,0.796805,1608_wrapper.txt,23,1199,0.002448552179336548
0.08435776587027954,0.836508,1940_wrapper.txt,23,1559,0.002461175012588501
0.09462572465043229,0.803035,1954_wrapper.txt,22,1369,0.0023981585264205934
0.1114033148714072,0.802335,2060_wrapper.txt,23,1202,0.002455849885940552
0.10655436840132629,0.794054,2187_wrapper.txt,23,1243,0.0024346351623535157
0.09125483763697567,0.847147,2261_wrapper.txt,23,1454,0.002468198895454407
0.08135287984359803,0.839448,2433_wrapper.txt,23,1596,0.002435026979446411
0.09456637679083392,0.801488,2613_wrapper.txt,25,1469,0.0025863650798797605
0.11118769862530153,0.797531,2639_wrapper.txt,23,1198,0.002442396640777588
1.1476269551436955,0.567881,2690_wrapper.txt,23,124,0.0024650004386901855
0.10616622473649512,0.803199,2852_wrapper.txt,23,1248,0.00243620445728302
0.11065397676885534,0.806988,2866_wrapper.txt,24,1225,0.0024891926765441895
0.970238753653184,0.567881,2981_wrapper.txt,23,144,0.0024225619316101074
0.09573370395248944,0.801112,3045_wrapper.txt,23,1378,0.002443432092666626
0.1016165735731371,0.810102,3212_wrapper.txt,23,1306,0.002448113036155701
0.10265576613500442,0.798575,3474_wrapper.txt,23,1304,0.0024690841913223268
0.11322635604576513,0.80382,3550_wrapper.txt,24,1206,0.002504901838302612
0.08737997750113427,0.834614,3557_wrapper.txt,24,1523,0.002485334038734436
0.0884129349983958,0.846846,3561_wrapper.txt,22,1450,0.002384211087226868
1.1104652166637354,0.56696,3633_wrapper.txt,23,129,0.002481983995437622
0.9435584328795585,0.567881,3655_wrapper.txt,22,152,0.0024878377676010133
0.09933255474597823,0.797531,3733_wrapper.txt,24,1410,0.0025988675355911256
0.09844325325572788,0.827595,3734_wrapper.txt,21,1349,0.002455685591697693
0.10807219451892239,0.80033,3772_wrapper.txt,23,1248,0.002479940891265869
0.971533420301422,0.567894,3902_wrapper.txt,24,150,0.0025276369094848635
0.08478604081230508,0.845777,3990_wrapper.txt,23,1544,0.002447756743431091
1.2619073822513713,0.567881,4009_wrapper.txt,24,113,0.0024686484813690184
0.09005865736784684,0.828515,4119_wrapper.txt,24,1477,0.0024776249408721925
0.10348755175099926,0.799142,430_wrapper.txt,23,1272,0.0024236555814743043
1.056214409085591,0.567881,4459_wrapper.txt,23,134,0.002452849888801575
0.10778939421410028,0.800822,4701_wrapper.txt,23,1236,0.0024480276584625243
1.001043376045054,0.569801,4828_wrapper.txt,22,138,0.0023946052074432372
0.10018041124150061,0.80382,5029_wrapper.txt,24,1342,0.0024850708484649656
0.08720516880731634,0.855485,5031_wrapper.txt,23,1475,0.0023955997228622436
0.0928259120120457,0.837159,5314_wrapper.txt,22,1396,0.002402610421180725
0.0823576541287605,0.842372,531_wrapper.txt,21,1527,0.002349176263809204
0.10385395663732848,0.797531,5401_wrapper.txt,23,1275,0.002438382697105408
0.08069364597552504,0.838848,5436_wrapper.txt,24,1638,0.002484890007972717
0.08822035439898734,0.821539,5448_wrapper.txt,25,1572,0.0025972744703292847
0.8806796886468081,0.567881,5569_wrapper.txt,22,157,0.002399038910865784
1.3543140357997767,0.567881,5577_wrapper.txt,24,107,0.0025079853296279906
0.09223470735801752,0.811402,5670_wrapper.txt,23,1435,0.002459441065788269
0.08347901230168864,0.857345,5727_wrapper.txt,23,1639,0.0025723815441131594
0.9804452352850085,0.567825,5732_wrapper.txt,23,145,0.0024651712894439696
1.1725549513761455,0.567881,578_wrapper.txt,24,124,0.002518543553352356
0.10097760384587307,0.793811,583_wrapper.txt,23,1357,0.0025349873542785646
0.0945308179383488,0.801364,6030_wrapper.txt,23,1428,0.0025073729515075684
0.09168000731486944,0.83043,6114_wrapper.txt,23,1485,0.0025370508193969725
0.08524395752781831,0.822876,6201_wrapper.txt,23,1534,0.0024436334848403933
0.1003147354776586,0.796108,6231_wrapper.txt,25,1418,0.002640654468536377
0.09565617757512392,0.829945,6234_wrapper.txt,23,1400,0.002483523154258728
0.10007622495470465,0.834655,6400_wrapper.txt,22,1339,0.002476518154144287
0.7127742982288726,0.569239,6506_wrapper.txt,25,204,0.002528937268257141
0.07096173866934398,0.830276,6522_wrapper.txt,24,1479,0.0019551119327545167
0.07092801841766656,0.814455,6552_wrapper.txt,24,1472,0.0019441567182540893
0.07660968632737783,0.80916,6757_wrapper.txt,23,1361,0.00192934889793396
1.0164800968204357,0.567881,6879_wrapper.txt,24,110,0.0019354374408721924
0.07944925501178132,0.807844,6882_wrapper.txt,25,1369,0.002013531827926636
0.08046676057701334,0.793811,7001_wrapper.txt,24,1324,0.001967286992073059
0.06338186462289788,0.843594,7130_wrapper.txt,22,1554,0.001842732834815979
0.07214614238624174,0.824189,7134_wrapper.txt,23,1413,0.0018919193983078003
0.07450818402330164,0.806734,7185_wrapper.txt,23,1372,0.0018927660942077637
0.07547725501098958,0.811841,7369_wrapper.txt,24,1370,0.001914372420310974
0.07617663581112075,0.799142,7438_wrapper.txt,23,1326,0.001865423345565796
0.06942091613086195,0.82449,7453_wrapper.txt,23,1451,0.0018734555006027223
0.07771735269651588,0.806995,7693_wrapper.txt,22,1289,0.0018462065696716308
0.0725633306251815,0.806988,7781_wrapper.txt,24,1433,0.0019319867849349975
0.0792555531657056,0.799142,7811_wrapper.txt,25,1390,0.002041858410835266
0.5993202299843841,0.567881,7910_wrapper.txt,23,184,0.0019159809112548828
0.07195042465454413,0.825629,7992_wrapper.txt,22,1409,0.0018810188293457031
0.0854199664695001,0.800997,8151_wrapper.txt,23,1216,0.0019064727306365968
0.06719471759137477,0.830276,817_wrapper.txt,24,1548,0.0019453715562820434
0.08095865346203866,0.806988,8272_wrapper.txt,21,1246,0.001854580020904541
0.08120534790956707,0.798819,8300_wrapper.txt,24,1291,0.001932275128364563
0.06144247409491382,0.85189,8352_wrapper.txt,23,1630,0.001881952929496765
0.0773401703508758,0.808475,8355_wrapper.txt,23,1337,0.0019108104944229125
0.06837959278013939,0.824141,8392_wrapper.txt,24,1516,0.0019351932048797607
0.06486738365703658,0.831143,8438_wrapper.txt,23,1565,0.0019004746198654175
0.08135619555589055,0.815654,8477_wrapper.txt,24,1304,0.001956785321235657
0.07757625833168078,0.81803,8513_wrapper.txt,23,1345,0.0019289812564849853
0.06901501885575027,0.835195,8528_wrapper.txt,22,1458,0.0018722333669662476
0.08196121478918919,0.795626,8539_wrapper.txt,25,1330,0.0020135847091674805
0.07602906277003772,0.813134,8613_wrapper.txt,24,1380,0.001943542528152466
0.06656981675961976,0.817821,8614_wrapper.txt,22,1504,0.0018677780389785767
0.08202210632155806,0.800304,8638_wrapper.txt,24,1288,0.0019468469142913819
0.07554701366843636,0.829403,9047_wrapper.txt,22,1351,0.0018875414609909058
0.08147512151895105,0.809465,9074_wrapper.txt,22,1253,0.0018776307582855224
0.08872927351007424,0.798864,9135_wrapper.txt,22,1168,0.0018970948934555053
0.07038583488650736,0.819349,9269_wrapper.txt,22,1428,0.0018669418334960938
0.07157416347577249,0.819349,930_wrapper.txt,23,1440,0.0019157217979431152
0.07017821088972385,0.824141,941_wrapper.txt,23,1455,0.0018995462894439697
0.07105834119418863,0.828561,9486_wrapper.txt,23,1444,0.001907632827758789
0.08313204174042517,0.797287,9511_wrapper.txt,24,1264,0.0019338231325149535
0.052923478056934994,0.858853,9586_wrapper.txt,22,1813,0.0018224174499511718
0.0806468283117153,0.794055,965_wrapper.txt,23,1278,0.0018982777595520019
0.08140212726050913,0.800304,9797_wrapper.txt,24,1295,0.001943394947052002
