TTS,energy,layout,number_sidb,correct,time_mean
0.027604698461774234,0.890847,1009_wrapper.txt,22,3053,0.0017310137748718262
0.033022341151838795,0.84738,1014_wrapper.txt,23,2769,0.0018429739236831665
0.03654341188245496,0.845789,1048_wrapper.txt,23,2546,0.0018484150886535645
0.027500693389113585,0.842343,1120_wrapper.txt,21,2959,0.0016608650684356689
0.09358447679739967,0.604213,1137_wrapper.txt,23,1083,0.0018466011047363281
0.028777926701577465,0.864455,1237_wrapper.txt,23,3087,0.0018288885593414307
0.03234990354530458,0.852916,1407_wrapper.txt,23,2790,0.0018216414451599121
0.02642519512415416,0.850886,1524_wrapper.txt,21,3088,0.001680026340484619
0.02412087974097572,0.871096,1537_wrapper.txt,22,3384,0.0017152605772018433
0.024615887733184433,0.877868,1655_wrapper.txt,21,3272,0.001679327368736267
0.028152194815206238,0.871812,1732_wrapper.txt,22,2988,0.001720212936401367
0.10084140709918164,0.616973,17_wrapper.txt,21,911,0.0016581433057785034
0.02685138276842908,0.824359,1817_wrapper.txt,21,3069,0.0016944334983825683
0.032786834501074426,0.871165,1859_wrapper.txt,23,2809,0.0018611381530761718
0.030583335016754934,0.839407,1916_wrapper.txt,22,2804,0.0017323976039886474
0.06585318099073272,0.62258,1919_wrapper.txt,22,1429,0.0017480384588241576
0.03423906471038313,0.876715,1954_wrapper.txt,23,2686,0.0018436110973358154
0.02638636102162142,0.850229,1958_wrapper.txt,21,3097,0.0016834755897521972
0.027207867594178602,0.863933,1998_wrapper.txt,22,3108,0.0017433578729629516
0.026812020559243022,0.874539,2056_wrapper.txt,22,3136,0.0017367832183837891
0.02665128638071142,0.851143,2228_wrapper.txt,22,3164,0.00174512460231781
0.028181317464367042,0.862049,2234_wrapper.txt,22,3031,0.0017518332719802857
0.02267352730805497,0.866889,2284_wrapper.txt,20,3370,0.0016040873527526855
0.026072071248141853,0.84207,2291_wrapper.txt,21,3128,0.0016836241960525512
0.09589260101756134,0.590683,2309_wrapper.txt,22,969,0.0016824451923370361
0.07144277784581272,0.618499,2425_wrapper.txt,22,1307,0.0017225905418395996
0.03192073544285754,0.858261,2488_wrapper.txt,22,2726,0.0017489140272140503
0.07881686953882015,0.597487,2490_wrapper.txt,22,1206,0.0017436622381210326
0.10580804163191429,0.579816,2495_wrapper.txt,22,901,0.0017197814226150513
0.03826436290301451,0.856554,2516_wrapper.txt,23,2486,0.0018826548099517822
6.738725068640629,0.584639,2558_wrapper.txt,22,15,0.0017413371086120605
0.02751771933479256,0.878191,2567_wrapper.txt,22,3081,0.0017446905612945557
0.08863646886187801,0.609864,2660_wrapper.txt,22,1093,0.0017660882711410522
0.0964296245765302,0.612334,2720_wrapper.txt,21,959,0.0016734967708587646
0.0827977469240183,0.631508,2729_wrapper.txt,21,1126,0.001702656054496765
0.02453163652226583,0.873304,2752_wrapper.txt,21,3300,0.0016911909580230712
0.03244921491023927,0.832036,2861_wrapper.txt,23,2824,0.0018536372423171997
0.03136142234694838,0.839695,2956_wrapper.txt,22,2800,0.0017734724044799804
0.03272093085760651,0.829896,3021_wrapper.txt,22,2654,0.0017372766971588134
0.021539717010026518,0.896546,3064_wrapper.txt,21,3568,0.0016362943172454833
0.03077867248580057,0.863511,3204_wrapper.txt,23,2942,0.0018460569381713867
0.02203640201875623,0.877324,3212_wrapper.txt,21,3505,0.00163705096244812
0.026451747303155183,0.868681,3300_wrapper.txt,21,3096,0.0016869877099990845
0.11609054794242644,0.57355,3352_wrapper.txt,21,797,0.0016597916841506958
0.03079264514710451,0.874074,3441_wrapper.txt,22,2802,0.0017427809715270996
0.031369992118421404,0.837961,3501_wrapper.txt,22,2752,0.0017380757808685304
0.0964278140330229,0.587284,3503_wrapper.txt,21,935,0.0016294596195220946
0.032065707843822414,0.860619,3648_wrapper.txt,23,2814,0.0018240429162979127
0.05835577415780992,0.648617,3752_wrapper.txt,21,1510,0.0016444098949432372
0.027990405635898163,0.840464,3843_wrapper.txt,22,3030,0.001739274287223816
0.026516684003995403,0.891149,3927_wrapper.txt,22,3119,0.0017063611745834352
0.036074322525191826,0.855193,3948_wrapper.txt,23,2530,0.0018113726139068604
0.029684355476262858,0.843836,3968_wrapper.txt,22,2889,0.0017421932697296142
0.026932719139675106,0.844435,3987_wrapper.txt,22,3092,0.0017149768352508546
0.028461891674400875,0.864169,4061_wrapper.txt,22,2973,0.00172866690158844
0.026126039077080134,0.852032,4130_wrapper.txt,21,3157,0.0017061285018920899
0.029404000169368377,0.867642,4247_wrapper.txt,23,3020,0.0018198556661605835
0.026480350796286942,0.827567,4331_wrapper.txt,21,2993,0.0016213080883026123
0.02123115134328901,0.902818,4420_wrapper.txt,20,3546,0.0016003742218017578
0.02914390494546848,0.861135,4464_wrapper.txt,22,2874,0.00169990234375
0.1186615526318966,0.601756,4465_wrapper.txt,21,795,0.0016921116828918458
0.030253517303010513,0.838107,4478_wrapper.txt,22,2810,0.0017180591821670532
0.08194684658736888,0.601615,4482_wrapper.txt,22,1138,0.0017042467832565308
0.07675599503476234,0.605911,4553_wrapper.txt,23,1281,0.0018112401962280273
0.030529517570056928,0.825662,4578_wrapper.txt,21,2748,0.0016886091709136964
0.019784431956431762,0.848003,4602_wrapper.txt,20,3720,0.001584401822090149
0.02673651653656771,0.894326,4637_wrapper.txt,22,3138,0.0017332335948944092
0.03687668102435771,0.839486,4687_wrapper.txt,23,2500,0.0018262177467346192
0.017968133429938457,0.92246,4697_wrapper.txt,20,3982,0.0015707582473754884
0.02895773131942196,0.852377,4714_wrapper.txt,22,2911,0.0017149932861328125
0.029737610684021743,0.870104,4816_wrapper.txt,23,3010,0.0018331745862960815
0.02893122371736207,0.872821,484_wrapper.txt,22,2945,0.0017373671531677247
0.02851920107132522,0.866049,4855_wrapper.txt,22,2986,0.0017412384271621704
0.03236211406644252,0.864197,510_wrapper.txt,23,2797,0.0018277402877807617
0.020623675424348734,0.886136,5212_wrapper.txt,20,3607,0.001588297939300537
0.02977490772117202,0.829008,5248_wrapper.txt,22,2828,0.0017037272691726685
0.032736875931684985,0.847123,525_wrapper.txt,23,2765,0.0018239256381988526
0.07602884424049297,0.591142,533_wrapper.txt,22,1237,0.0017282005548477173
0.10445933757752633,0.566755,5387_wrapper.txt,22,893,0.0016820568323135377
0.024561504269960274,0.866954,5392_wrapper.txt,21,3268,0.0016731042861938476
0.02494725160429074,0.856735,5435_wrapper.txt,22,3215,0.0016657036066055298
0.031934973454406816,0.845121,5551_wrapper.txt,22,2729,0.001751961851119995
0.11391505444903245,0.588193,5691_wrapper.txt,21,801,0.0016372128009796143
0.09097871246440538,0.58739,5720_wrapper.txt,21,990,0.0016326905250549316
0.02642759326303594,0.873407,5795_wrapper.txt,22,3153,0.0017231626510620117
0.025619395272437204,0.879092,5858_wrapper.txt,21,3171,0.0016820747375488282
0.026054400629848404,0.905897,586_wrapper.txt,22,3207,0.0017343417644500733
0.029351283803698763,0.834193,5894_wrapper.txt,22,2929,0.0017511466503143311
0.02884112430607945,0.83136,5930_wrapper.txt,22,2926,0.001718603730201721
0.03002794145081333,0.832088,593_wrapper.txt,22,2850,0.0017340863704681396
0.027715766001088674,0.888614,5961_wrapper.txt,22,3043,0.0017311156511306764
0.03483363318595198,0.815855,6010_wrapper.txt,23,2633,0.0018323306798934936
0.028172525929734148,0.868517,603_wrapper.txt,21,2966,0.001706263279914856
0.03708778171847598,0.844788,6128_wrapper.txt,22,2394,0.0017470710515975951
0.024234048975197424,0.869673,6135_wrapper.txt,21,3296,0.0016681856870651246
0.029510255468890016,0.846859,6243_wrapper.txt,22,2921,0.0017548870325088501
0.09260380504443001,0.594891,6250_wrapper.txt,22,1014,0.0017043731212615966
0.01995842139349992,0.908725,6257_wrapper.txt,20,3713,0.0015945080041885377
0.08297094023620936,0.608917,6330_wrapper.txt,21,1103,0.0016692466974258422
0.07226545638446993,0.597366,6343_wrapper.txt,22,1295,0.0017252660036087037
0.021895378005740627,0.863104,6492_wrapper.txt,20,3532,0.0016422755718231202
0.024189356491969776,0.898679,6557_wrapper.txt,21,3375,0.0017144694089889527
0.027882367942383038,0.845649,6567_wrapper.txt,22,3030,0.0017325610160827637
0.034749944541562265,0.856478,6586_wrapper.txt,23,2655,0.0018458189964294435
0.032977871465832365,0.84231,6596_wrapper.txt,23,2752,0.001827161431312561
0.03109596445265447,0.854603,6_wrapper.txt,23,2895,0.0018295599937438965
0.03158679311868146,0.830079,702_wrapper.txt,23,2844,0.0018195476770401001
0.03198365178257814,0.83305,73_wrapper.txt,23,2812,0.0018178430557250977
0.028889332418416083,0.87205,813_wrapper.txt,22,2962,0.0017468492984771729
0.02500566967236981,0.865368,821_wrapper.txt,21,3216,0.0016702385902404786
0.03246590624417178,0.836269,830_wrapper.txt,23,2796,0.0018328263998031616
0.023245683816334968,0.900024,84_wrapper.txt,20,3344,0.0016289040565490723
0.08403204981972258,0.598646,886_wrapper.txt,22,1153,0.0017721180200576782
0.0334656712563065,0.869951,96_wrapper.txt,23,2753,0.0018549831867218018
