TTS,energy,layout,number_sidb,correct,time_mean
0.02807358678081495,1.010352,12_hex_inputsdbp_fo2_v6.sqd_wrapper.txt,21,3241,0.0018930001735687255
0.014049638641674628,1.010352,12_hex_inputsdbp_fo2_v6_0.sqd_wrapper.txt,20,5304,0.0018281107425689698
0.011141429696317609,1.076673,12_hex_inputsdbp_fo2_v6_1.sqd_wrapper.txt,20,5910,0.0017146909952163697
0.13924357398947929,0.928993,21_hex_inputsdbp_and_v19.sqd_wrapper.txt,23,784,0.0019569841623306274
0.017493047902127128,1.023373,21_hex_inputsdbp_and_v19_00.sqd_wrapper.txt,21,4434,0.0017643435955047608
0.09439172863713939,1.053502,21_hex_inputsdbp_and_v19_01.sqd_wrapper.txt,24,1177,0.0020347285509109496
1.2127188283764476,0.981398,21_hex_inputsdbp_and_v19_10.sqd_wrapper.txt,21,85,0.0017820476055145265
0.026738962601996864,1.194118,21_hex_inputsdbp_and_v19_11.sqd_wrapper.txt,25,3633,0.002078014540672302
0.045756663117513426,0.97742,21_hex_inputsdbp_nand_v7.sqd_wrapper.txt,21,2115,0.0018716753482818603
0.015746684977905247,0.97742,21_hex_inputsdbp_nand_v7_00.sqd_wrapper.txt,19,4737,0.0017399370908737183
0.0134393276247515,1.025765,21_hex_inputsdbp_nand_v7_01.sqd_wrapper.txt,19,5209,0.0017023637771606446
0.013549523926146842,1.024446,21_hex_inputsdbp_nand_v7_10.sqd_wrapper.txt,19,5172,0.0016983785152435303
0.045263110801976765,0.788428,21_hex_inputsdbp_nand_v7_11.sqd_wrapper.txt,19,1934,0.0016746502161026002
0.6767351334448128,0.983805,21_hex_inputsdbp_nor_v7.sqd_wrapper.txt,21,156,0.0018316436290740966
0.01629387465298106,1.002192,21_hex_inputsdbp_nor_v7_00.sqd_wrapper.txt,19,4644,0.0017512683868408203
0.044733030774327075,0.737572,21_hex_inputsdbp_nor_v7_01.sqd_wrapper.txt,19,1969,0.0016885247707366944
0.04504533671181646,0.739212,21_hex_inputsdbp_nor_v7_10.sqd_wrapper.txt,19,1950,0.0016819897890090942
0.029260896207063233,0.784063,21_hex_inputsdbp_nor_v7_11.sqd_wrapper.txt,19,2776,0.0016379265069961547
0.0748924363667649,0.917506,21_hex_inputsdbp_or_v17.sqd_wrapper.txt,23,1357,0.0018801335334777832
0.02033123885092606,0.917506,21_hex_inputsdbp_or_v17_00.sqd_wrapper.txt,21,3938,0.001751842975616455
0.014838369398823128,0.979825,21_hex_inputsdbp_or_v17_01.sqd_wrapper.txt,21,4960,0.0017501616477966309
0.015318858850530364,0.974186,21_hex_inputsdbp_or_v17_10.sqd_wrapper.txt,21,4871,0.0017606744527816772
0.011665726799057408,1.037737,21_hex_inputsdbp_or_v17_11.sqd_wrapper.txt,21,5790,0.001737309980392456
7.867537718111391,1.24894,22_hex_inputsdbp_cx_try2_v0.sqd_wrapper.txt,29,18,0.0024400033950805664
4.1656051821874955,1.24894,22_hex_inputsdbp_cx_try2_v0_00.sqd_wrapper.txt,27,31,0.002226392650604248
0.9743122716076091,1.312206,22_hex_inputsdbp_cx_try2_v0_01.sqd_wrapper.txt,27,131,0.0022116565227508545
0.030304744681508823,1.293495,22_hex_inputsdbp_cx_try2_v0_10.sqd_wrapper.txt,27,3437,0.0021969604969024658
0.02832915293359782,1.36088,22_hex_inputsdbp_cx_try2_v0_11.sqd_wrapper.txt,27,3614,0.002187065029144287
0.21732446505454747,1.019388,22_hex_inputsdbp_ha_v2.sqd_wrapper.txt,26,573,0.002207503581047058
0.05244018717784379,1.019388,22_hex_inputsdbp_ha_v2_00.sqd_wrapper.txt,24,2047,0.002067548394203186
0.03800918763527526,1.065348,22_hex_inputsdbp_ha_v2_01.sqd_wrapper.txt,24,2668,0.002030531573295593
0.042972142076633364,1.080879,22_hex_inputsdbp_ha_v2_10.sqd_wrapper.txt,24,2419,0.002048616123199463
0.02919213321067575,1.128251,22_hex_inputsdbp_ha_v2_11.sqd_wrapper.txt,24,3308,0.002018485617637634
2.8727969568540637,1.393546,22_hex_inputsdbp_hourglass_v0.sqd_wrapper.txt,30,51,0.00252855761051178
1.8900246675593446,1.393546,22_hex_inputsdbp_hourglass_v0_00.sqd_wrapper.txt,28,72,0.0023510186433792113
0.03882747873566221,1.447686,22_hex_inputsdbp_hourglass_v0_01.sqd_wrapper.txt,28,2939,0.002325971460342407
0.04045114174167606,1.447687,22_hex_inputsdbp_hourglass_v0_10.sqd_wrapper.txt,28,2856,0.0023418625593185425
0.030439618302751482,1.507168,22_hex_inputsdbp_hourglass_v0_11.sqd_wrapper.txt,28,3577,0.002319724750518799
0.018907306647373185,1.03817,hex_11_inputsdbp_inv_diag_v0_manual.sqd_wrapper.txt,19,4007,0.0016664089918136597
0.007752590172013884,1.03817,hex_11_inputsdbp_inv_diag_v0_manual_0.sqd_wrapper.txt,18,6967,0.0015921616792678834
0.00640406363570559,1.105995,hex_11_inputsdbp_inv_diag_v0_manual_1.sqd_wrapper.txt,18,7638,0.0015908633947372436
0.030718962671219326,0.902617,hex_11_inputsdbp_inv_straight_v0_manual.sqd_wrapper.txt,19,2751,0.0017012755155563354
0.0149915638096681,0.902617,hex_11_inputsdbp_inv_straight_v0_manual_0.sqd_wrapper.txt,18,4724,0.0016501330137252807
0.011898611032235171,0.958492,hex_11_inputsdbp_inv_straight_v0_manual_1.sqd_wrapper.txt,18,5517,0.0016433005571365356
0.027049471109919097,0.74904,hex_11_inputsdbp_wire_diag_v0_manual.sqd_wrapper.txt,17,2707,0.0014698742151260376
0.01057344032007221,0.74904,hex_11_inputsdbp_wire_diag_v0_manual_0.sqd_wrapper.txt,16,5419,0.001420922875404358
0.007432711571892446,0.813155,hex_11_inputsdbp_wire_diag_v0_manual_1.sqd_wrapper.txt,16,6629,0.0013912808895111084
0.04556265057332875,0.586761,hex_11_inputsdbp_wire_straight_v0_manual.sqd_wrapper.txt,16,1690,0.0014519883155822753
0.021433309282488523,0.586761,hex_11_inputsdbp_wire_straight_v0_manual_0.sqd_wrapper.txt,15,3176,0.0014099342107772826
0.01750364814040686,0.652662,hex_11_inputsdbp_wire_straight_v0_manual_1.sqd_wrapper.txt,15,3764,0.0014229345560073851
0.027114605444929565,1.16061,hex_21_inputsdbp_xnor_v21.sqd_wrapper.txt,23,3419,0.0019529054641723633
0.015212499245996308,1.16061,hex_21_inputsdbp_xnor_v21_00.sqd_wrapper.txt,21,4917,0.0017720422029495239
0.033551168812602804,0.955368,hex_21_inputsdbp_xnor_v21_01.sqd_wrapper.txt,21,2619,0.0017539047479629517
0.031104844173606865,0.947091,hex_21_inputsdbp_xnor_v21_10.sqd_wrapper.txt,21,2786,0.001748561692237854
0.02167674528606082,0.996461,hex_21_inputsdbp_xnor_v21_11.sqd_wrapper.txt,21,3723,0.001737727427482605
0.10743453538679525,0.936636,hex_21_inputsdbp_xor_v1.sqd_wrapper.txt,23,1003,0.0019547075271606445
0.030127043922360375,0.936636,hex_21_inputsdbp_xor_v1_00.sqd_wrapper.txt,21,2924,0.0017937638998031615
0.01972778799535992,0.967423,hex_21_inputsdbp_xor_v1_01.sqd_wrapper.txt,21,4062,0.0017700328588485718
0.0225785283353281,0.99119,hex_21_inputsdbp_xor_v1_10.sqd_wrapper.txt,21,3677,0.0017816399574279785
0.23527617488741517,0.779699,hex_21_inputsdbp_xor_v1_11.sqd_wrapper.txt,21,423,0.001750482225418091
