TTS,energy,layout,number_sidb,correct,time_mean
0.1505765044364611,1.010352,12_hex_inputsdbp_fo2_v6.sqd_wrapper.txt,21,450,0.015496297121047973
0.06329512172522188,1.010352,12_hex_inputsdbp_fo2_v6_0.sqd_wrapper.txt,20,749,0.015061256885528564
0.04998996841486392,1.076673,12_hex_inputsdbp_fo2_v6_1.sqd_wrapper.txt,20,817,0.01461427617073059
0.8308230177769359,0.928993,21_hex_inputsdbp_and_v19.sqd_wrapper.txt,23,110,0.016666654109954833
0.07562544541435484,1.023373,21_hex_inputsdbp_and_v19_00.sqd_wrapper.txt,21,684,0.014997307062149048
0.5127196472115287,1.053502,21_hex_inputsdbp_and_v19_01.sqd_wrapper.txt,24,177,0.017193123817443846
0.7552207330158389,0.981398,21_hex_inputsdbp_and_v19_10.sqd_wrapper.txt,21,111,0.015296196699142455
0.16006352827281747,1.194118,21_hex_inputsdbp_and_v19_11.sqd_wrapper.txt,25,471,0.017545298576354982
0.3117329915605048,0.97742,21_hex_inputsdbp_nand_v7.sqd_wrapper.txt,21,262,0.016303274631500244
0.06927118936532499,0.97742,21_hex_inputsdbp_nand_v7_00.sqd_wrapper.txt,19,724,0.015351071834564209
0.04673333910547062,1.025765,21_hex_inputsdbp_nand_v7_01.sqd_wrapper.txt,19,842,0.01484392786026001
0.09530936355834337,1.024446,21_hex_inputsdbp_nand_v7_10.sqd_wrapper.txt,19,595,0.014829571962356567
0.15176142303058077,0.788428,21_hex_inputsdbp_nand_v7_11.sqd_wrapper.txt,19,423,0.014366246700286866
0.7966439154454366,0.983805,21_hex_inputsdbp_nor_v7.sqd_wrapper.txt,21,109,0.015827008008956908
0.19989052467573543,1.002192,21_hex_inputsdbp_nor_v7_00.sqd_wrapper.txt,19,361,0.015410386085510253
0.13193868564939715,0.737572,21_hex_inputsdbp_nor_v7_01.sqd_wrapper.txt,19,474,0.014591574907302856
0.13527787422887505,0.739212,21_hex_inputsdbp_nor_v7_10.sqd_wrapper.txt,19,466,0.014609358310699462
0.08993952442195233,0.784063,21_hex_inputsdbp_nor_v7_11.sqd_wrapper.txt,19,599,0.014147729635238648
0.4438365105061209,0.917506,21_hex_inputsdbp_or_v17.sqd_wrapper.txt,23,188,0.015911322116851808
0.08270062141913162,0.917506,21_hex_inputsdbp_or_v17_00.sqd_wrapper.txt,21,650,0.014945568084716797
0.07183998820642455,0.979825,21_hex_inputsdbp_or_v17_01.sqd_wrapper.txt,21,697,0.014766129970550537
0.06319548803680973,0.974186,21_hex_inputsdbp_or_v17_10.sqd_wrapper.txt,21,740,0.014654309034347534
0.05337296003658053,1.037737,21_hex_inputsdbp_or_v17_11.sqd_wrapper.txt,21,794,0.014515536069869996
12.750818840025495,1.24894,22_hex_inputsdbp_cx_try2_v0.sqd_wrapper.txt,29,9,0.019844045400619507
3.106978977987284,1.24894,22_hex_inputsdbp_cx_try2_v0_00.sqd_wrapper.txt,27,34,0.018500989198684693
4.733706973719669,1.312206,22_hex_inputsdbp_cx_try2_v0_01.sqd_wrapper.txt,27,22,0.018127320051193236
0.21806589645890861,1.293495,22_hex_inputsdbp_cx_try2_v0_10.sqd_wrapper.txt,27,386,0.01830974006652832
0.19195869429623902,1.36088,22_hex_inputsdbp_cx_try2_v0_11.sqd_wrapper.txt,27,422,0.0181142361164093
3.233942906244595,1.019388,22_hex_inputsdbp_ha_v2.sqd_wrapper.txt,26,33,0.018681020975112914
0.3580715423544661,1.019388,22_hex_inputsdbp_ha_v2_00.sqd_wrapper.txt,24,249,0.017650392293930055
0.20593222867312946,1.065348,22_hex_inputsdbp_ha_v2_01.sqd_wrapper.txt,24,385,0.017233257055282593
0.29248065797161404,1.080879,22_hex_inputsdbp_ha_v2_10.sqd_wrapper.txt,24,292,0.017385842084884643
0.17590268765489545,1.128251,22_hex_inputsdbp_ha_v2_11.sqd_wrapper.txt,24,428,0.016915077924728395
30.578531501251014,1.393546,22_hex_inputsdbp_hourglass_v0.sqd_wrapper.txt,30,4,0.02109767460823059
4.495423690102625,1.393546,22_hex_inputsdbp_hourglass_v0_00.sqd_wrapper.txt,28,25,0.01959226584434509
0.2662054254064786,1.447686,22_hex_inputsdbp_hourglass_v0_01.sqd_wrapper.txt,28,344,0.019319672584533692
0.26257495484740784,1.447687,22_hex_inputsdbp_hourglass_v0_10.sqd_wrapper.txt,28,347,0.019263376474380492
0.19730342181543684,1.507168,22_hex_inputsdbp_hourglass_v0_11.sqd_wrapper.txt,28,429,0.01903243613243103
0.050689832139640775,1.03817,hex_11_inputsdbp_inv_diag_v0_manual.sqd_wrapper.txt,19,807,0.014354625701904296
0.021162782368312247,1.03817,hex_11_inputsdbp_inv_diag_v0_manual_0.sqd_wrapper.txt,18,977,0.013742395401000976
0.018500422290834324,1.105995,hex_11_inputsdbp_inv_diag_v0_manual_1.sqd_wrapper.txt,18,986,0.013594555139541626
0.1278507655812548,0.902617,hex_11_inputsdbp_inv_straight_v0_manual.sqd_wrapper.txt,19,488,0.014733192443847656
0.052132087295840374,0.902617,hex_11_inputsdbp_inv_straight_v0_manual_0.sqd_wrapper.txt,18,799,0.014398569107055665
0.08226367671264363,0.958492,hex_11_inputsdbp_inv_straight_v0_manual_1.sqd_wrapper.txt,18,634,0.014233601570129395
0.05259989671503994,0.74904,hex_11_inputsdbp_wire_diag_v0_manual.sqd_wrapper.txt,17,752,0.01262517237663269
0.02215651629942526,0.74904,hex_11_inputsdbp_wire_diag_v0_manual_0.sqd_wrapper.txt,16,959,0.012182859420776368
0.01931373697938836,0.813155,hex_11_inputsdbp_wire_diag_v0_manual_1.sqd_wrapper.txt,16,972,0.011887682437896728
0.07535765500448854,0.586761,hex_11_inputsdbp_wire_straight_v0_manual.sqd_wrapper.txt,16,624,0.012689015626907349
0.034109822291771605,0.586761,hex_11_inputsdbp_wire_straight_v0_manual_0.sqd_wrapper.txt,15,878,0.012352596759796143
0.036656251353187286,0.652662,hex_11_inputsdbp_wire_straight_v0_manual_1.sqd_wrapper.txt,15,853,0.012098490715026855
0.26563663875919236,1.16061,hex_21_inputsdbp_xnor_v21.sqd_wrapper.txt,23,302,0.01644063186645508
1.322187272482915,1.16061,hex_21_inputsdbp_xnor_v21_00.sqd_wrapper.txt,21,64,0.01505371880531311
0.15803225216693337,0.955368,hex_21_inputsdbp_xnor_v21_01.sqd_wrapper.txt,21,422,0.014912757873535156
0.1487697756415251,0.947091,hex_21_inputsdbp_xnor_v21_10.sqd_wrapper.txt,21,439,0.014803223848342895
0.09963259056377208,0.996461,hex_21_inputsdbp_xnor_v21_11.sqd_wrapper.txt,21,575,0.01467552638053894
0.7267930057072083,0.936636,hex_21_inputsdbp_xor_v1.sqd_wrapper.txt,23,124,0.016563464879989623
0.13641513831825594,0.936636,hex_21_inputsdbp_xor_v1_00.sqd_wrapper.txt,21,478,0.0152659010887146
0.0776223850906146,0.967423,hex_21_inputsdbp_xor_v1_01.sqd_wrapper.txt,21,674,0.014977022171020508
0.11184910990746408,0.99119,hex_21_inputsdbp_xor_v1_10.sqd_wrapper.txt,21,546,0.01520405912399292
1.0737587880167452,0.779699,hex_21_inputsdbp_xor_v1_11.sqd_wrapper.txt,21,77,0.014810453891754151
